Kotlin,500,6.0329,0.0094,0.6342
Kotlin,5000,25.9546,0.0083,11.5214
Kotlin,10000,112.1915,0.0096,69.0612
Kotlin,500,0.4318,0.0016,0.1951
Kotlin,5000,30.8019,0.0072,14.6541
Kotlin,10000,115.8111,0.007,58.4782
Kotlin,500,0.2877,0.0019,0.1578
Kotlin,5000,30.7236,0.0043,13.4486
Kotlin,10000,108.405,0.0115,68.2037
Kotlin,500,0.3828,0.0055,0.2196
Kotlin,5000,27.9444,0.0053,14.497
Kotlin,10000,109.1217,0.0102,74.6995
Kotlin,500,0.2973,0.0014,0.1562
Kotlin,5000,25.3927,0.0068,18.7199
Kotlin,10000,116.6583,0.0066,55.6364
Kotlin,500,0.5153,0.0018,0.1697
Kotlin,5000,23.8835,0.0065,13.4155
Kotlin,10000,115.5076,0.0072,62.6597
Kotlin,500,0.2726,9.0E-4,0.1297
Kotlin,5000,24.2445,0.006,14.5723
Kotlin,10000,117.7741,0.0068,57.844
Kotlin,500,0.3323,0.0025,0.1941
Kotlin,5000,33.3542,0.0666,13.6699
Kotlin,10000,110.3566,0.008,49.3732
Kotlin,500,0.2753,8.0E-4,0.1299
Kotlin,5000,26.2774,0.0034,11.5164
Kotlin,10000,112.3341,0.0055,68.3896
Kotlin,500,0.2715,8.0E-4,0.1282
Kotlin,5000,22.9307,0.0045,12.0956
Kotlin,10000,102.0088,0.0078,48.599
Kotlin,500,0.2743,9.0E-4,0.1296
Kotlin,5000,22.8525,0.0034,13.4305
Kotlin,10000,120.3177,0.0053,52.4308
Kotlin,500,0.2773,9.0E-4,0.154
Kotlin,5000,33.9928,0.0071,18.5197
Kotlin,10000,126.553,0.0117,86.1156
Kotlin,500,0.3886,0.0011,0.1798
Kotlin,5000,54.9136,0.0094,22.5559
Kotlin,10000,141.33,0.0072,74.7885
Kotlin,500,0.331,0.0013,0.1645
Kotlin,5000,29.032,0.0043,14.4771
Kotlin,10000,139.1126,0.0064,85.9065
Kotlin,500,0.353,0.0018,0.164
Kotlin,5000,35.362,0.0091,17.9528
Kotlin,10000,150.5516,0.0056,75.8475
Kotlin,500,0.7236,0.0021,0.338
Kotlin,5000,48.6974,0.0046,18.2554
Kotlin,10000,139.5218,0.0094,57.5909
Kotlin,500,0.3487,0.0011,0.1641
Kotlin,5000,43.3631,0.0083,26.4622
Kotlin,10000,161.5331,0.0096,76.9311
Kotlin,500,0.9706,0.0032,0.4491
Kotlin,5000,50.3972,0.0098,34.281
Kotlin,10000,150.2546,0.0083,75.6865
Kotlin,500,0.3437,0.0014,0.1631
Kotlin,5000,26.6138,0.0036,11.3525
Kotlin,10000,134.1679,0.0129,105.3195
Kotlin,500,0.4281,0.0013,0.2001
Kotlin,5000,30.3956,0.0042,14.8346
Kotlin,10000,118.9022,0.0052,45.3813
Kotlin,500,0.2824,8.0E-4,0.1291
Kotlin,5000,23.0256,0.0033,12.0493
Kotlin,10000,156.2977,0.0123,98.3404
Kotlin,500,0.2761,9.0E-4,0.1318
Kotlin,5000,29.5781,0.0065,23.0206
Kotlin,10000,152.0522,0.0166,74.7293
Kotlin,500,0.3513,0.0015,0.18
Kotlin,5000,32.4731,0.0044,17.8711
Kotlin,10000,134.1723,0.0065,62.3725
Kotlin,500,0.476,0.0023,0.2835
Kotlin,5000,45.9576,0.0062,19.1123
Kotlin,10000,149.5902,0.0064,78.792
Kotlin,500,0.3553,0.0011,0.1635
Kotlin,5000,48.8818,0.0067,18.9359
Kotlin,10000,157.5116,0.0068,72.726
Kotlin,500,0.6515,0.0019,0.2995
Kotlin,5000,28.6251,0.008,11.3687
Kotlin,10000,140.6961,0.0083,57.3911
Kotlin,500,0.3505,0.0011,0.1601
Kotlin,5000,25.3657,0.0075,16.1439
Kotlin,10000,125.4125,0.0062,49.9082
Kotlin,500,0.4065,0.0012,0.1935
Kotlin,5000,31.4429,0.0046,11.7687
Kotlin,10000,138.8413,0.0122,49.1939
Kotlin,500,0.2754,9.0E-4,0.1359
Kotlin,5000,24.4671,0.0062,12.5679
Kotlin,10000,151.7209,0.0072,67.3304
Kotlin,500,0.2863,4.0E-4,0.136
Kotlin,5000,39.6169,0.0026,17.2794
Kotlin,10000,124.3718,0.0038,49.0939
Kotlin,500,0.3565,4.0E-4,0.161
Kotlin,5000,24.798,0.002,12.7681
Kotlin,10000,114.1019,0.0035,56.7504
Kotlin,500,0.2799,3.0E-4,0.1552
Kotlin,5000,23.8835,0.0021,12.5277
Kotlin,10000,111.2241,0.0044,48.7113
Kotlin,500,0.2715,3.0E-4,0.1293
Kotlin,5000,28.5304,0.003,18.0287
Kotlin,10000,128.307,0.0082,78.6642
Kotlin,500,0.2957,4.0E-4,0.1412
Kotlin,5000,56.7099,0.0047,15.7013
Kotlin,10000,151.2571,0.0081,50.1652
Kotlin,500,0.2666,3.0E-4,0.1352
Kotlin,5000,40.554,0.0057,15.5456
Kotlin,10000,115.2248,0.0039,52.6458
Kotlin,500,0.2937,3.0E-4,0.1562
Kotlin,5000,24.5909,0.0023,14.1124
Kotlin,10000,125.8302,0.005,66.0456
Kotlin,500,0.353,4.0E-4,0.1691
Kotlin,5000,35.4389,0.0023,19.5221
Kotlin,10000,151.341,0.0039,45.4513
Kotlin,500,0.2673,3.0E-4,0.1282
Kotlin,5000,28.4424,0.0034,14.9758
Kotlin,10000,126.9391,0.004,50.4813
Kotlin,500,0.2714,3.0E-4,0.1341
Kotlin,5000,29.8552,0.002,13.2577
Kotlin,10000,140.7262,0.0039,45.7658
Kotlin,500,0.2694,3.0E-4,0.1344
Kotlin,5000,41.0934,0.0033,13.2843
Kotlin,10000,137.9543,0.0037,48.1219
Kotlin,500,0.287,3.0E-4,0.131
Kotlin,5000,23.3929,0.004,12.1117
Kotlin,10000,110.2678,0.004,50.156
Kotlin,500,0.2737,3.0E-4,0.129
Kotlin,5000,24.2979,0.0034,20.072
Kotlin,10000,144.0396,0.0069,53.9563
Kotlin,500,0.2703,3.0E-4,0.1295
Kotlin,5000,23.3073,0.0022,11.5965
Kotlin,10000,138.7975,0.004,52.7185
Kotlin,500,0.6183,6.0E-4,0.3189
Kotlin,5000,24.7224,0.0021,12.6301
Kotlin,10000,143.9123,0.0038,61.3451
Kotlin,500,0.2962,4.0E-4,0.1406
Kotlin,5000,48.6578,0.0025,17.4642
Kotlin,10000,146.2654,0.005,78.9167
Kotlin,500,0.329,3.0E-4,0.1595
Kotlin,5000,24.8839,0.002,12.9816
Kotlin,10000,126.7565,0.006,75.0493
Kotlin,500,0.3001,4.0E-4,0.1544
Kotlin,5000,31.7792,0.0026,15.0902
Kotlin,10000,114.5972,0.0041,47.1958
Kotlin,500,0.3777,4.0E-4,0.162
Kotlin,5000,32.6677,0.0031,13.3715
Kotlin,10000,110.2158,0.0044,48.2659
Kotlin,500,0.3345,3.0E-4,0.13
Kotlin,5000,23.7829,0.0023,13.1911
Kotlin,10000,105.0588,0.0039,55.2088
Kotlin,500,0.2916,5.0E-4,0.1351
Kotlin,5000,23.985,0.002,12.8343
Kotlin,10000,109.4641,0.0041,58.3804
Kotlin,500,0.3393,4.0E-4,0.1627
Kotlin,5000,26.0935,0.0025,12.7569
Kotlin,10000,118.489,0.0065,56.8243
Kotlin,500,0.343,3.0E-4,0.1622
Kotlin,5000,28.5376,0.0021,11.8475
Kotlin,10000,120.6665,0.0061,58.542
Kotlin,500,0.2734,2.0E-4,0.1359
Kotlin,5000,24.4133,0.0033,14.8434
Kotlin,10000,115.2162,0.005,58.7038
Kotlin,500,0.2713,3.0E-4,0.1311
Kotlin,5000,23.4268,0.0023,14.5975
Kotlin,10000,140.706,0.0074,63.1058
Kotlin,500,0.3915,4.0E-4,0.1862
Kotlin,5000,38.599,0.0026,17.0697
Kotlin,10000,152.2106,0.0045,61.3049
Kotlin,500,0.301,4.0E-4,0.1456
Kotlin,5000,25.5501,0.0035,13.1203
Kotlin,10000,122.1568,0.0048,50.0533
Kotlin,500,0.2735,3.0E-4,0.1287
Kotlin,5000,24.0146,0.0018,11.7906
Kotlin,10000,146.8855,0.0075,58.3454
Kotlin,500,0.2853,3.0E-4,0.1569
Kotlin,5000,23.545,0.0033,13.6861
Kotlin,10000,118.3365,0.0039,53.1731
Kotlin,500,0.2742,3.0E-4,0.1283
Kotlin,5000,40.8493,0.0067,27.8426
Kotlin,10000,139.4949,0.0036,73.7043
Kotlin,500,0.2791,2.0E-4,0.129
Kotlin,5000,22.8677,0.0034,13.5559
Kotlin,10000,118.4826,0.0045,54.1061
Kotlin,500,0.2714,3.0E-4,0.1356
Kotlin,5000,28.4782,0.0027,13.9606
Kotlin,10000,121.3425,0.0057,84.3793
Kotlin,500,0.2877,3.0E-4,0.1543
Kotlin,5000,24.6537,0.0033,13.6902
Kotlin,10000,107.1317,0.0048,50.5179
Kotlin,500,0.416,4.0E-4,0.1937
Kotlin,5000,34.3909,0.0031,19.0775
Kotlin,10000,162.4205,0.0058,71.5924
Kotlin,500,0.2818,4.0E-4,0.1562
Kotlin,5000,29.4931,0.0034,22.7226
Kotlin,10000,131.6761,0.0062,68.6868
Kotlin,500,0.339,5.0E-4,0.2148
Kotlin,5000,95.0509,0.0029,16.9628
Kotlin,10000,127.33,0.0062,81.5522
Kotlin,500,0.3352,5.0E-4,0.1877
Kotlin,5000,29.1782,0.0033,15.6909
Kotlin,10000,177.1806,0.0049,70.015
Kotlin,500,0.2927,4.0E-4,0.1297
Kotlin,5000,29.3784,0.0039,12.9194
Kotlin,10000,119.6153,0.0046,55.7089
Kotlin,500,0.3692,5.0E-4,0.213
Kotlin,5000,31.7372,0.003,14.2446
Kotlin,10000,125.2252,0.0036,56.2878
Kotlin,500,0.2711,3.0E-4,0.1292
Kotlin,5000,35.0611,0.0039,12.1158
Kotlin,10000,126.6364,0.0052,46.7815
Kotlin,500,0.3406,3.0E-4,0.1692
Kotlin,5000,32.6363,0.0044,21.8166
Kotlin,10000,141.2623,0.0085,86.342
Kotlin,500,0.6699,0.001,0.3237
Kotlin,5000,41.5689,0.0031,24.2412
Kotlin,10000,130.6124,0.0048,53.4356
Kotlin,500,0.2741,2.0E-4,0.1286
Kotlin,5000,26.6055,0.0022,19.7255
Kotlin,10000,135.4235,0.0035,65.0884
Kotlin,500,0.4174,6.0E-4,0.195
Kotlin,5000,28.3774,0.0027,15.7174
Kotlin,10000,125.1271,0.0044,50.123
Kotlin,500,0.3494,3.0E-4,0.163
Kotlin,5000,27.0351,0.0023,12.2246
Kotlin,10000,128.7783,0.0067,79.8575
Kotlin,500,0.4224,4.0E-4,0.2036
Kotlin,5000,33.4197,0.0025,16.7011
Kotlin,10000,137.8797,0.0043,82.713
Kotlin,500,0.3293,3.0E-4,0.1626
Kotlin,5000,28.9795,0.0025,14.7925
Kotlin,10000,170.6665,0.0124,69.4835
Kotlin,500,0.4379,6.0E-4,0.2132
Kotlin,5000,55.2859,0.0033,18.179
Kotlin,10000,186.2913,0.0124,59.8801
Kotlin,500,0.3433,3.0E-4,0.1626
Kotlin,5000,36.6672,0.0063,25.8795
Kotlin,10000,156.2826,0.0041,97.8628
Kotlin,500,0.422,4.0E-4,0.1941
Kotlin,5000,25.6201,0.0023,15.7279
Kotlin,10000,154.4517,0.0179,84.9014
Kotlin,500,0.3929,4.0E-4,0.2147
Kotlin,5000,50.1414,0.0078,22.5884
Kotlin,10000,180.5276,0.0045,54.1346
Kotlin,500,0.2752,3.0E-4,0.1347
Kotlin,5000,30.9502,0.0034,13.271
Kotlin,10000,108.0916,0.0038,64.3804
Kotlin,500,0.6488,5.0E-4,0.3061
Kotlin,5000,35.3008,0.0025,15.461
Kotlin,10000,127.324,0.0059,56.2349
Kotlin,500,0.4017,4.0E-4,0.1941
Kotlin,5000,33.9653,0.0031,15.0361
Kotlin,10000,143.3889,0.0067,73.3089
Kotlin,500,0.3319,3.0E-4,0.1575
Kotlin,5000,29.2982,0.005,23.5602
Kotlin,10000,171.5127,0.0043,58.7041
Kotlin,500,0.3283,5.0E-4,0.1637
Kotlin,5000,28.5999,0.0023,16.1252
Kotlin,10000,172.1479,0.0051,76.8866
Kotlin,500,0.5539,6.0E-4,0.2548
Kotlin,5000,32.9934,0.0023,13.3942
Kotlin,10000,128.8314,0.0091,105.4121
Kotlin,500,0.3769,4.0E-4,0.2078
Kotlin,5000,26.8485,0.0023,15.1123
Kotlin,10000,113.3539,0.0039,50.9132
Kotlin,500,0.282,3.0E-4,0.1296
Kotlin,5000,26.4695,0.0021,11.5255
Kotlin,10000,113.719,0.0039,46.8413
Kotlin,500,0.3552,4.0E-4,0.1614
Kotlin,5000,28.7006,0.002,12.0592
Kotlin,10000,136.8229,0.0059,69.9254
Kotlin,500,0.3371,3.0E-4,0.1516
Kotlin,5000,24.7125,0.002,19.5251
Kotlin,10000,159.3599,0.005,54.483
Kotlin,500,0.3199,3.0E-4,0.1518
Kotlin,5000,55.6115,0.0023,21.5353
Kotlin,10000,108.2898,0.0034,63.0487
Kotlin,500,0.2951,3.0E-4,0.1572
Kotlin,5000,32.7019,0.002,11.5146
Kotlin,10000,145.9166,0.004,89.897
Kotlin,500,0.4391,5.0E-4,0.2288
Kotlin,5000,29.1814,0.0022,11.3743
Kotlin,10000,117.9218,0.0041,57.3814
Kotlin,500,0.3351,4.0E-4,0.1556
Kotlin,5000,28.6607,0.0039,16.5797
Kotlin,10000,186.1481,0.0042,77.6749
Kotlin,500,0.3007,2.0E-4,0.1403
Kotlin,5000,30.9655,0.0038,21.6968
Kotlin,10000,135.286,0.0082,82.5639
Kotlin,500,0.9537,8.0E-4,0.3932
Kotlin,5000,33.9299,0.0025,14.8161
Kotlin,10000,142.6745,0.0056,54.7714
Kotlin,500,0.3508,5.0E-4,0.1643
Kotlin,5000,36.6459,0.0025,16.4035
Kotlin,10000,136.8497,0.0048,47.0647
Kotlin,500,0.2707,3.0E-4,0.1289
Kotlin,5000,30.8402,0.002,11.9732
Kotlin,10000,111.3193,0.0067,60.276
Kotlin,500,0.2808,3.0E-4,0.1524
Kotlin,5000,23.8863,0.0017,11.5808
Kotlin,10000,110.8347,0.0038,75.6078
Kotlin,500,0.3103,3.0E-4,0.1379
Kotlin,5000,24.15,0.0036,23.7921
Kotlin,10000,144.1309,0.0045,76.924
